1685173148.593611001968384 -2.302610697278264506593359 -1.134806382503793287241933 26.47784310617065983706198 0.05849440851075703856620791 -0.01864574320903317553033141 -0.7084200821567184780391813 0.7031157306433781783994164
1685173148.532862186431885 -2.290856319251626249666742 -1.1370551260761407874611 26.4619931986027729919897 0.05812803952204530916203495 -0.0111287289083382406190692 -0.7057613881396227473175031 0.7059732031375980376708412
1685173147.092718362808228 -2.228928353740540657668134 -1.152269063389503189753782 26.47860804891633890179037 0.02997379284488728770630139 -0.0005627954904392988132871833 -0.7200556346612768665593762 0.693268438130111297468261
1685173146.557263135910034 -2.215028363223969787298984 -1.153404345957915522191684 26.43580616006554961927577 0.03133168138753689158093607 0.01810231494021231901658808 -0.7132457973510498705493887 0.6999793321310507909771559
1685173146.137216806411743 -2.184969650871273039172138 -1.139836049612655832774522 26.35073249160487662834385 0.05462286578130352843185591 0.009910039224703671295602092 -0.7081034241684627250634776 0.7039230444125705865587861
1685173145.718131065368652 -2.190298752729809450556786 -1.146488673639845634610879 26.16256628812413609352916 0.02506724659665632640170863 0.004431097830807012756537677 -0.7050915861930194816764583 0.7086592052140419095707102
1685173145.299517154693604 -2.142101710813217874118664 -1.099911104717108845107987 25.9346080020777804975296 0.02442408020007611271773307 0.0113716255237324807836341 -0.7026602099780612231683108 0.7110153060444222017366656
1685173145.00429892539978 -2.109966276818974861839706 -1.067205044190102647405638 25.7155070994608223600153 0.02163789101269567027863161 0.00128737994303153801232964 -0.704617445415157583887833 0.7092562301524649726047755
1685173144.103780031204224 -2.085667141940421576151721 -1.042058261257623685835938 25.17267673024550944660405 0.01025502065104068154244299 0.01035570884534887242667267 -0.7017900513013128893646808 0.7122347540511142494068508
1685173143.809210777282715 -2.087372470696103654574927 -1.041525862886832021203531 24.95096393033950832318624 0.003197048532539675629038367 0.01237707379310525566962209 -0.7023256359508477375541702 0.7117410260995216120250006
1685173143.453280210494995 -2.055345726072039358456323 -1.022948807449646002609711 24.72882612105418687065139 0.01576276153036822516573245 0.01421790695403466961432848 -0.7003146956961100455529845 0.713518550029096254583294
1685173143.392665386199951 -2.047137474510091426083136 -1.011059507552697578347534 24.69079739988022126340184 0.01412111117577054437977058 0.01044808858363675992120267 -0.7039601011784216710864825 0.7100222677799592485570201
1685173143.271078586578369 -2.038160920815534904448896 -1.011054095802903285417074 24.61437019887710775378764 0.0177466302347568070929551 0.009866107402889604319207173 -0.7057622227528248526340349 0.7081577616118012175050467
1685173143.209286212921143 -2.035781075009478247039851 -1.025195806727101643929245 24.56158661409848065204642 0.018886019590066381590443 0.006740113468922974068742171 -0.7072688005620999529554638 0.7066602826337122777999866
1685173143.149127960205078 -2.025897509775274496490738 -1.024072565937608203512355 24.53477069084906503348975 0.02303842139344439848835933 0.007982836336791452463979013 -0.7055843807276910295556149 0.7082063282341495291660749
1685173143.08725118637085 -2.033343463364615466559826 -1.024937098586642836295368 24.48804629685644229653008 0.02422870323685215668274573 0.008069491349013723988092828 -0.7052493128124553978253175 0.7084993093704844424607359
1685173142.79115104675293 -2.009913596193891649477337 -1.024241789309754846470923 24.32781375540638890697664 0.02178190461961429860715533 0.003239389358735392156901645 -0.7032107433659799955449898 0.7106403493912225588502452
1685173142.493455410003662 -2.035353422410624446570182 -0.9883840937809944549030661 24.09519146111360043960303 0.01006051099375671574465141 0.008698581786208123278747451 -0.7014793413605013849831948 0.7125657002445980880978027
1685173142.137431144714355 -2.024131503377461172021867 -0.9895386178534563148545544 23.85199086848509253400152 0.009654253640835693331401224 0.01601616067752020811099101 -0.7047982456737506007371508 0.7091612640715895254928114
1685173142.015298843383789 -2.019735617591000842452331 -0.9847384198463648985466534 23.77505359360398529133818 0.0143274859597999921351219 0.01998663678299511872737959 -0.7089657384561700581571131 0.7048140387480459345681538
1685173141.893411874771118 -2.007621899808859300406993 -0.9863682536359635877332153 23.6917698994344121388167 0.01937596679777323083193608 0.01686533023735876241078202 -0.7050959543642935090090873 0.7086464895523358897833077
1685173141.771407842636108 -2.000148154134774092227644 -0.9785400813432889588483476 23.62148281567508334433114 0.02164353891977320587525213 0.01619628617152915617261044 -0.7050207724292760769202459 0.7086712704830863129856766
1685173141.656261682510376 -1.993076659391504135143691 -0.9767183642834947887578778 23.52635315661503767614704 0.02288978116550084013214317 0.01738168464913704067131839 -0.7065839976319658877201846 0.7070452438125246485967068
1685173141.533309936523438 -1.985209624569732156373902 -0.9851703921334946656429565 23.43428749979350556031932 0.02661343564945740924887474 0.01401644248278424188802749 -0.7065011106186341871548962 0.7070724425960424053272391
1685173141.419559717178345 -1.976579458455032911601279 -0.9833099441697842335585733 23.36775446385763999046503 0.03111261337486936201512933 0.0120577867399326854602748 -0.7065726001157865976409767 0.7068534436673697962660867
1685173141.297908544540405 -1.987227118904545397626293 -0.9804253528435743492153165 23.27180182654016249443885 0.031470024015258529770378 0.01009380457052301734155453 -0.7073723388052755023380769 0.7060680737618915125963781
1685173141.176368951797485 -1.988434623956436331226882 -0.9806082074140068938206127 23.18873257382788466429702 0.03253402550592703057485977 0.009708760979938219418117207 -0.7062672926999828959537808 0.7071306828327379445653378
1685173141.003326654434204 -1.983434925378722679667476 -0.9531483796069770697556578 23.08333032943145113335959 0.0281405070096544668301064 0.0102882342401221221067642 -0.7044265353265766194112985 0.7091442219069024055499995
1685173140.880650520324707 -1.996021933829204897392628 -0.9588599700879968379396701 22.96792902242482625752018 0.02337322220996924243552328 0.01542110361637677624913056 -0.7032015342921005274234858 0.7104389374618768071556474
1685173140.819430828094482 -2.009750813119379309057422 -0.9603163889452462909090968 22.92781286567261034292642 0.01806368439251711602300254 0.01731770096518969737076077 -0.7026891371452753665138857 0.711056796923389633491297
1685173140.758841276168823 -1.992824590282517016603947 -0.9629628484852673642180321 22.88823582697351000092567 0.01663623854433499138494312 0.01560073471320027639619443 -0.702318183957301056530298 0.7114977274420456465620077
1685173140.637290716171265 -1.994473097777031300736894 -0.9566699292442202295916331 22.81300524264547036068507 0.01557045573995545842405086 0.01683600703823224728483687 -0.6992253305354509951285991 0.7145334421973106309167179
1685173140.515573024749756 -1.980010522696839636580535 -0.9481193957032106878202171 22.75175755595302362621624 0.01628176425612685648824929 0.01675127380569490023742851 -0.6979582240728937625462436 0.7157573767504384898430203
1685173140.456524848937988 -1.981315888022270543800119 -0.9482784342995689286226479 22.72028697600507030074368 0.01809824727238396047113156 0.01782821165233261853644287 -0.6981871088482826115395596 0.7154644479190851447114596
1685173140.403313398361206 -1.9760034086084421467433 -0.9438454643277144340274276 22.67827646941770680655281 0.01932417309004490560409018 0.01837380692335403506443292 -0.6992071050393928732802351 0.7144217406283492888263709
1685173140.343401908874512 -1.967270727811585961930518 -0.9494238401956304196360747 22.64516511394599618256507 0.01879209891678827043515199 0.01554492701411974882319544 -0.7010650715057124005014089 0.7126801408908894908122988
1685173140.282361745834351 -1.962027009704703450765351 -0.9453045646767359588835689 22.60452693912285226929271 0.0203527207745578392339425 0.01234483475123276594032085 -0.7020482470884815695555403 0.7117314197491274585516408
1685173140.220514535903931 -1.95906817888842521568904 -0.9381333030008317530601403 22.56619001336619589892507 0.02036060448418575835605182 0.01123762689759390427657326 -0.702133140821104340112413 0.7116658176452826944924368
1685173140.159581422805786 -1.951640198647306201351626 -0.9391805034245795935632373 22.53070377740094443197449 0.02128536612810603967371748 0.01229268581762415005198541 -0.7014147757991736620297729 0.7123293764567321106895292
1685173140.098648071289062 -1.963586553342398399735202 -0.935587475280638680708023 22.46834954215935908905522 0.02077696832478879984673625 0.01473591756851277620454788 -0.7021342529781632313401474 0.711588847867158258431175
1685173140.046288013458252 -1.948687525459114056047838 -0.9243697540109149235476593 22.4475774851940883536372 0.02226094228498119720338622 0.01626836097309826423273904 -0.702080395191059136728029 0.7115637126518136179598173
1685173139.98440146446228 -1.93272515186713866874868 -0.931400435243708746391178 22.41830246238721713325504 0.02381551941555305404452092 0.01479469447357397056397321 -0.7017243970417738063716229 0.711896640831814364602792
1685173139.924764633178711 -1.938316366065232276838515 -0.9249074205626044431483024 22.37726847638311866717231 0.02417195206296391535305546 0.0133171262660696718138631 -0.7039297238192888661600932 0.7097332666618058061303032
1685173139.86250638961792 -1.927202184657160755065775 -0.9244129330692358870180669 22.3443672902796315327123 0.02752188703698546512477208 0.01346728210716076346020742 -0.703110364127191189709265 0.7104202958792514843722188
1685173139.802113771438599 -1.936108580103616194634242 -0.9266215718862569339364654 22.29716034487552533960297 0.02803633256114615099341414 0.01190717700637405722374762 -0.70345504025069571785167 0.7100867530066377053543647
1685173139.741120100021362 -1.928465979432803178994504 -0.9290468787814055717788619 22.26797976459043226782342 0.029435416600639991574484 0.01304236495999083061958501 -0.7039526981879271616548976 0.709516782472636498013685
1685173139.679897546768188 -1.900254978750591350333821 -0.9357563924214753470209871 22.26806524778914564421939 0.03084361294912182915872734 0.01336931316950295232925949 -0.7025968162539055761328655 0.7107936719909324629895764
1685173139.618547439575195 -1.916810611659187424393735 -0.9330381104797736968592403 22.21304273303341503265074 0.02995174230563531908577701 0.01348592010700453737437332 -0.7037989298229384571570222 0.7096394133356058731010307
1685173139.565614700317383 -1.913012631864219992294807 -0.9317835036570625284468861 22.17858292925993524136175 0.02883595310636963282568956 0.01157772188333376986446588 -0.7069203834057967705817305 0.7066102144312512711721297
1685173139.505213737487793 -1.911288579072975668537993 -0.9259839803348117737158418 22.13974464993721014138828 0.02764783893482292836951686 0.01230312605623421276512808 -0.7068227902983268418068974 0.706743088087488424697824
1685173139.444063901901245 -1.906308757100539930107175 -0.9256193709168341055004703 22.10854906406945374897077 0.02219622144157205878567396 0.009567177916211505595001086 -0.7049875558265091823884063 0.7088076918456751585040365
1685173139.382647514343262 -1.875967884904535587509145 -0.9209263913352475627860372 22.08399609704220267758501 0.02130941301741444068862386 0.006479487346820967698379778 -0.7040137664988316279490732 0.7098369903323552554397224
1685173139.331940174102783 -1.881791380917773759406941 -0.8983955132048481173612231 22.03798051594676010722651 0.01741285113628522271400634 0.004573980625679136165218086 -0.7029504953276844991805206 0.7110108711807802128745948
1685173139.271033763885498 -1.896131541831340694415076 -0.8979145713349552249127328 21.98776461781423208208253 0.01415174724702804309739435 0.004278519118491941677917545 -0.706485766527968128691839 0.7075728309263695781083925
1685173139.209526777267456 -1.873774481359101073962847 -0.8866158849204592851123152 21.95274378220082667212409 0.01370569646414852328641931 0.005959414940288211559593634 -0.7086515410519523827659327 0.7054003338538682443825678
1685173139.148471355438232 -1.866313061807914897016758 -0.8886841340865395677539595 21.90967707685917886806237 0.01222665578094168578604517 0.007857563828855516907534451 -0.7084175748616589052275572 0.705643904376458297456054
1685173139.088395118713379 -1.866074385028279936094009 -0.8849806702043823136705214 21.8840440065295389615585 0.009457931703101931861232821 0.008097094026706611741284192 -0.7094102848237051617275029 0.7046857581338702436468679
1685173139.02739143371582 -1.873337184552750445121205 -0.8889169501261462436048078 21.83591622791783493084949 0.006437249414611226350224626 0.00955607197891136621314967 -0.7107223845490578950645499 0.7033782350238941827313965
1685173138.96576452255249 -1.85139045483505548794767 -0.8974102005481553456789356 21.8158360752380851010912 0.007507855620296663770596446 0.01102547828170123006552572 -0.7096756757582277641560609 0.7044022338769462265872789
1685173138.904580354690552 -1.849412736272948665217086 -0.8767581612577185490309262 21.78316504171568368519729 0.009881137142853947327725272 0.01722836599301886054136368 -0.7094881675592777936500966 0.7044374337376472228200441
1685173138.843538761138916 -1.846711054578044741703025 -0.8984155563774898212159314 21.73782419493863216075624 0.007524809028745825523198931 0.01664100888161820432364912 -0.7095267410426934207023919 0.7044418227084563444151399
1685173138.782602787017822 -1.824322925132028982986299 -0.894026843807437798794524 21.73530382566654495235525 0.01117263445614667845273704 0.01958115928657173931970448 -0.7059524484186610049363253 0.707900336652301342965643
1685173138.728196144104004 -1.827933780987544221119379 -0.8794937056214496839956496 21.6946477519817833012894 0.009943320407129790233780042 0.02002292101672197011108523 -0.7080781517825904813889792 0.7057801071284635074931657
1685173138.667175531387329 -1.816122199597653752434212 -0.8925272915802571205290405 21.66111985716938193036185 0.01107253637329549088297309 0.01960516036692393909701693 -0.7070203759758461048434697 0.7068346572045512976600889
1685173138.605424165725708 -1.813793000794816645537821 -0.8949491290012706601331161 21.62018474627723918501943 0.01357792497762535903482739 0.01828622176911011074085245 -0.7080940002462087212720121 0.7057507669466841493388642
1685173138.544835567474365 -1.798989470561829451256131 -0.8859502271728774136505535 21.59439160756980058408772 0.01498026754801020515861509 0.01651043889782859500070522 -0.7072008088544634585304038 0.7066611778157185774773552
1685173138.483689308166504 -1.782413696877883202418502 -0.8892903625677939238869385 21.57418305586465478995706 0.0154323048462947053083294 0.01095784096443177049740036 -0.7085260123035058699159094 0.7054308365411487979912408
1685173138.423662424087524 -1.782550898673856298870533 -0.8705950481666524520818484 21.51114098814872832576839 0.01679108924075981695844817 0.01012303560393788999516307 -0.7100840474106536737153306 0.7038438879943806902872439
1685173138.369987487792969 -1.774721202372872674857263 -0.8781396284474031199707156 21.47726218892771754553905 0.01937300831173671342155806 0.01010451517544694310934972 -0.707810933011470133635612 0.7060639185075627821674971
1685173138.30855655670166 -1.764852980212805455551006 -0.8728835146195842442651269 21.44271742090431231986258 0.01913285716003117545302992 0.01051899734268318953311905 -0.7074583009997049698469596 0.7064177567015211822720744
1685173138.248168706893921 -1.754315189627462467925056 -0.8783153106361825113168607 21.3913145511032389833872 0.02178354356427289126307834 0.01124039648328653030751045 -0.7047687467474624822827423 0.7090135066258881346712428
1685173138.186480760574341 -1.74492737342148651613627 -0.8821744012250470889924259 21.36878654142043743036083 0.02054366192900763249395979 0.007371076001534823327054902 -0.7058632351999001297571112 0.7080118264481939371890462
1685173138.135903120040894 -1.739717189374077044305977 -0.8913592732165322995996348 21.33000465156447589265554 0.02108042674748785219596137 0.005752073889474298810930986 -0.7042800238798069267787128 0.7095859253558277623952222
1685173138.075808763504028 -1.736966322968864995246463 -0.8918185775683420413173508 21.29911466448537993301215 0.02201992609033440878585353 0.004216714410205758996330605 -0.7050787412288510580538059 0.7087745234261827453892124
1685173138.014439344406128 -1.718840620855398126920477 -0.8932688977902576432654769 21.28720473883869246378708 0.02469786535330726132131396 0.003894950704204527044266504 -0.7016530903702418164868959 0.7120799105284870700316446
1685173137.952368021011353 -1.724327087973470673532006 -0.8930246127127654531818735 21.23386858388530029628782 0.0266229612919553840222342 0.004778386342843197326368809 -0.6983666826228348556426795 0.715228882135759969074229
1685173137.891603231430054 -1.715179347695669376250294 -0.8925087963765000464988475 21.19969146183904129543407 0.02634375222269778535344464 0.00324285126776427401473768 -0.6975377280568437754482147 0.7160562903273272050697074
1685173137.830956220626831 -1.721702765509195875992532 -0.8921422000568299814915463 21.16591086496015350348898 0.02549066984648831052373552 0.003344734166721009208794735 -0.6987634934045399148772049 0.7148906437557900339641037
1685173137.770709753036499 -1.708471866262312843787186 -0.8770315630893983360749644 21.13557606010179767963564 0.02645658601596639902808761 0.005268706882491135459756215 -0.6983439383313769788230729 0.7152538197953289822450529
1685173137.709122180938721 -1.717422473042435226986413 -0.8871584183079566088281354 21.11526170421101156193799 0.0252159338153761583556367 0.006272983307054940706193324 -0.6978318986329260509293704 0.7157900838376598517953653
1685173137.647612333297729 -1.709683720811539631156961 -0.8779579597858011563715763 21.06822982248799291937758 0.02415339403149450656083097 0.005873443701195324787023289 -0.6959083267090585556147175 0.7177002978168737223896301
1685173137.587289571762085 -1.675338838998808199676205 -0.8639301774643957099186764 21.06883301762764304498887 0.02400151946034960806497516 0.001687011223401944492311655 -0.6977956116730438251849478 0.7158927139353286062117832
1685173137.528216361999512 -1.700900382374706643062723 -0.8736604311004312339861144 21.00275062400631753689595 0.02232133748440167861359917 0.00523935497659941840781217 -0.6991102924220879977212917 0.7146461445351227625977231
1685173137.467454433441162 -1.687453817482321261067568 -0.8654846502269832875242628 20.95930456147348053264068 0.02352057061033881180112104 0.007698430298797075653494115 -0.7010232877116038263665132 0.712708819654985448188711
1685173137.407338619232178 -1.669643299409005798850103 -0.8501585115644902934661786 20.95386309811654257373448 0.02433796239444064798962408 0.01097165244011677823210427 -0.7013147242318210627942676 0.712351705641815935443617
1685173137.354362487792969 -1.66566414715283972469706 -0.8541883888532539881310868 20.92227814684999032124324 0.02306991649839585517556273 0.01150344604650824914537921 -0.6990651070213813600418007 0.7145931957857598604277882
1685173137.292729377746582 -1.665219437101743249485253 -0.8507454860737065915898825 20.87953412850608714279588 0.01786436413744091691868654 0.007674170740552726903416225 -0.7002861388855201596470579 0.7135974249235919053546695
1685173137.232192039489746 -1.669397310334406636656013 -0.8548646891870962383208621 20.84720408854913031859724 0.01679668972749413444200961 0.005882576466164499834343715 -0.7008846029787431097801687 0.7130526254898522653391524
1685173137.171021461486816 -1.66863204656946151338559 -0.8496474326184177972010048 20.80589044353519412311471 0.01669756833769383760901484 0.003876136587251755114685858 -0.7012736549795329787926335 0.7126860610068160850616437
1685173137.117479801177979 -1.663000824542186117938058 -0.8552796230608696870234553 20.77671837831534062956962 0.0180553915913780407831446 0.004221984543229843726830364 -0.7001758400613213861873874 0.7137296224489985130290393
1685173137.056482076644897 -1.661011422652329594384923 -0.8540249988813672921139641 20.74044694448939551989497 0.01883003534650048299559089 0.004587348571796052987270542 -0.7001231652186779008673057 0.7137590213612337031179322
1685173136.99653434753418 -1.653655251738147535789381 -0.8523733069214541879787816 20.70455818459074137649623 0.02101603719165201153429301 0.005178341302769023761498612 -0.7007723139847381599309983 0.713056574760275063695758
1685173136.934881210327148 -1.653611768176237895033864 -0.8462524980457871714989437 20.6668949644295736334243 0.02163479297412303908876297 0.00494840365155881697217799 -0.7023134896257037240729915 0.7115217604861445721553537
1685173136.873824834823608 -1.651944579698618742469307 -0.8611663390936404871567333 20.63911511070431714642837 0.02102506311845608877320046 0.003464624648502411842498905 -0.7048580525576373378981998 0.7090282678669997951104165
1685173136.814071178436279 -1.640088402928181254836204 -0.8471636470110575078962256 20.59727149504207943664369 0.02137853699886708633282062 0.001461269562691969474063636 -0.7061078773827664800677439 0.7077799717663324496896848
1685173136.751601696014404 -1.631480819803070136941869 -0.8485789459414908586509796 20.56137589580338698169726 0.02147540682659165520163036 -0.001657552998706937532474859 -0.705687185901788471831253 0.7081960678737090342238503
1685173136.691449880599976 -1.63320035686674502883875 -0.8369576162297787114141556 20.50654463354423739929189 0.02151710583035896379167085 -0.00404533325870359665443754 -0.7059696786296327797316508 0.7079035757059389810663674
1685173136.63729453086853 -1.624927920535039982397052 -0.8368894512874225366516612 20.45547069181968424800289 0.02195847203329947400218813 -0.003037568920619029399360356 -0.704475845860906169093596 0.7093816759952854544835077
1685173136.576830625534058 -1.627434579282338367178795 -0.8367341673437874716157125 20.42445742861265145506877 0.02080623560953959866326457 -0.001891674369507770608195285 -0.7045688387671327213013228 0.7093280500940575272750266
1685173136.515842914581299 -1.607254164559371645282226 -0.8257033492039131949979947 20.39098536969859054579501 0.0242473135365340215774399 -0.001036824241875338326740463 -0.702835475815632992890869 0.7109383243884742631379936
1685173136.394320726394653 -1.607247362358208198074294 -0.8389086919192844105097606 20.29394434287786097570461 0.02267239232898825979090063 -0.007320140930980830774876811 -0.7047655130611460982947847 0.7090401595476742979684559
1685173136.282183170318604 -1.607039745116875861796757 -0.8394482073801373678278992 20.20254971058596993316314 0.02585300579404416557172119 -0.008531891165947968688754166 -0.705869105946220654068668 0.7078189309126893258294899
1685173136.22105598449707 -1.593788722413203462480169 -0.8354470712149475453145442 20.18631756095084739399681 0.02947518631638679220685617 -0.006058119558491227921170896 -0.7035471656944473073380664 0.7100112035916223973686101
1685173136.159597396850586 -1.585047935582007072596866 -0.8395049899653621583439644 20.14261681139110748972598 0.03200755464142899381352336 -0.005050281865210588284897941 -0.7005987148967953714873147 0.7128193658002029975406799
1685173136.038339376449585 -1.58345763138613593312698 -0.8291793727249950896052155 20.08003423140274890101864 0.03309954593117955118364293 -0.003936595357218949930988572 -0.700715566449420346195609 0.7126616494430086934386281
1685173135.915376901626587 -1.587730114411126436380073 -0.8269209805497005350005679 20.01410041787499949350604 0.03127167968345562210075173 -0.006465988980457502283138993 -0.6980417238275576918837828 0.7153446795509252886802187
1685173135.800192832946777 -1.592685384453750740973987 -0.8105206186761214626201877 19.92160173776682441371122 0.02845684283568712322209926 -0.007641452854420540362345715 -0.700495765934001757280214 0.713048044410789394476069
1685173135.739372253417969 -1.599594779407677691551726 -0.8095829828761986757257318 19.89816203964026186667979 0.02754736825674149874876306 -0.005746653715903397331710156 -0.6987986869039006787573953 0.7147646570192681680921964
1685173135.678710222244263 -1.587933273726140681603169 -0.808877207074574888778784 19.84507013976653766462732 0.02658231897555272602029497 -0.002271621832933634534817946 -0.6966711733569229680895774 0.7168943430885212908520998
1685173135.616382598876953 -1.583485665849217793876846 -0.802080258416212443783877 19.81462925342147229912371 0.02515777913112991759359005 0.001175572646587119511607522 -0.6937704364286803038197604 0.7197557205803728486159798
1685173135.555569410324097 -1.580769294693067150703314 -0.8042357061901735937325952 19.77323656075184743485806 0.02317848805622832117356857 0.000438271726093458421913418 -0.6942927439527915023376181 0.7193192298151145358531267
1685173135.441725015640259 -1.576925172735948343927248 -0.8051786975740419238789514 19.69610544891587267102295 0.02322411431073816492909323 -2.220397761216933208458339e-05 -0.6965545849825204305361126 0.7171278472209864363051679
1685173135.380819320678711 -1.575153892091311513823371 -0.8059961974159769448888824 19.65281954030342959072186 0.02262035247097255244441705 -0.0006826914038439633970398179 -0.6971424076978876005483698 0.7165754054034331188560714
1685173135.319313049316406 -1.573964889295723201811938 -0.816281901320719871506526 19.62435135900627614091718 0.02110784181965882216891472 -0.001701824762699564530868401 -0.6977627806083023243033381 0.7160158502582604223007934
1685173135.208179235458374 -1.557788643197813627239157 -0.8029847699009927675106724 19.56156515655302285949801 0.02197044588820737040513187 -0.003250796588941394591604217 -0.6978518666993305252788105 0.7158976986100563655313067
1685173135.14726448059082 -1.555543415447085520142423 -0.7810036298916340768982991 19.52534606045405141117044 0.02354022149709660699512526 -0.002766869362706066495793955 -0.6985925019423506743265762 0.7151270553882744795970439
1685173135.085497379302979 -1.557051007430003242149041 -0.7967134934611601604359521 19.48919680359955108883696 0.02109884478121756487545291 -0.006734220630130923965217526 -0.6977030037291622743822472 0.7160446852353967717164096
1685173135.024588823318481 -1.540283240305977408013405 -0.7782347438115918558665385 19.44943385044033945519004 0.02178321263623396800146459 -0.009003018749200572892754657 -0.699307191282864337722458 0.7144325543851288706775904
1685173134.964231967926025 -1.536892284497660021713727 -0.771181989090746755621808 19.39670849618171999395599 0.02078052191685257274467169 -0.01172642525004654115439173 -0.7023570158307439470490863 0.7114248392115539720848005
1685173134.903284311294556 -1.532162494940709551727309 -0.7665181295760086221946494 19.35208169218722318305481 0.02283326372361442133107623 -0.0104311215954005290229567 -0.7027146258835220704597191 0.7110288247230724945069369
1685173134.841524124145508 -1.519977664265929062636928 -0.7679032290929264092937956 19.30789918441182351216412 0.02361894721563014692966576 -0.008949908803806101015299035 -0.7017196897657140830517619 0.7120052747269232096272162
1685173134.781383752822876 -1.514369860640486953329287 -0.7733512058917567655313974 19.27342954109483130764602 0.02475432376384006927239056 -0.008680147418485847574110004 -0.7022790678869421654439975 0.7114183073431373793837906
1685173134.72045373916626 -1.512532291919958860049178 -0.7672479677775769779657367 19.21949234611655299431732 0.02564063347834094619415168 -0.009508477550179878640124187 -0.7042118542027877570177452 0.7094630466632795284809276
1685173134.659292459487915 -1.517585322272061887360906 -0.7716408773530418763186844 19.17791211904726722536907 0.02742656211851751332786442 -0.008772265197964777827532856 -0.7032990885871927000394521 0.7103106542448829330282933
1685173134.540014743804932 -1.499938647210370623596987 -0.7681358003387720456700549 19.10323379317047809422547 0.03132855022284118662323493 -0.00566402681266087518197061 -0.6989367209131273073197121 0.7144745687986383542167346
1685173134.42547869682312 -1.505759810043409308022433 -0.7747333298676901680579476 19.02229076118750583646033 0.03029618273568942740658905 -0.003166276524097666293655617 -0.6950675286895388049757116 0.7182988578419093883553614
1685173134.364598512649536 -1.499457745030095212612764 -0.7706112183644777680058269 18.98122860075643814070645 0.02817924275026775088326403 -0.006166716003235714685382085 -0.6973974061505242572067687 0.7161038819811091915568113
1685173134.303859233856201 -1.491887273840178496087105 -0.7729204977710156798664798 18.9444638002656304820448 0.02876044261321152387123057 -0.006668876162576308115614854 -0.6963419706859527158471224 0.7171026630560981551809618
1685173134.242869853973389 -1.489125247405758800667286 -0.7661410001882676956697082 18.9063324352721586762982 0.02787488825418002469369583 -0.008414620632042360548474846 -0.6941180344518868006176149 0.71927209046907247813607
1685173134.190353155136108 -1.490997625049969022015262 -0.7634159753084941435474775 18.86250101249849819851079 0.0276912953021841781731105 -0.008724325094114047940418999 -0.6925537680610380775192425 0.7207817756488587024321646
1685173134.128660678863525 -1.497735674370558323076352 -0.7584787855645197529597112 18.81908641875841681212478 0.02681162922206742696418225 -0.007804809673765908742404385 -0.6954405851450461417684323 0.7180408217230018763643784
1685173134.067957401275635 -1.49270159950082392796844 -0.753740698312711177031531 18.77173151537964201907016 0.02721210455718170787009491 -0.003866467798447039989212515 -0.6984181161642508683939923 0.715161999520173119471167
1685173134.006604671478271 -1.491774646761286238216826 -0.753336640417780367684486 18.73449156886971778135376 0.02820316717253220847871908 0.0007462875664065830860760542 -0.6975673066172817238239645 0.7159635986874822721759415
1685173133.823491811752319 -1.483016038773724787347419 -0.7626113250864656745164893 18.61049146386466190961073 0.02368748585649751298154442 0.0003804009745467563127600819 -0.6990195472885675220808821 0.7147100386915486991412649
1685173133.709535598754883 -1.475135127765050402359748 -0.7615796876564391304498258 18.53692993250479403855024 0.02362337226150168154048536 -0.0005456455446050958134340814 -0.69671867863453162961207 0.7169551697335710960246047
1685173133.527843952178955 -1.453240812986390739780518 -0.7511423677744276661272238 18.43511183347366966245318 0.02796305538735693527185866 -0.004252951067026511551560919 -0.6976125485864285158399412 0.7159166896262666446304479
1685173133.171691179275513 -1.420469301445689724872068 -0.729575561859523991081744 18.20879712310432196886723 0.0221926066820996720219128 -0.02105295086946691943130539 -0.707481328105903917169428 0.7060697064959352564628148
1685173132.269661664962769 -1.338862556509441636976021 -0.7266030303254229494314131 17.65886690175251416690116 0.02348191165431733062884945 -0.003548166161004625597519269 -0.7049982212949224003040172 0.7088113559363861115869554
1685173131.792477607727051 -1.30452981527639377823391 -0.7272459271578175510342135 17.38550206945998510832396 0.02751572747864040185961088 0.003172989272005410140570225 -0.7113070512624598551454369 0.7023354736957382327133814
1685173131.376144647598267 -1.262415918972452200108592 -0.7123398059738930143680591 17.08746917567135170656911 0.02626130916616986263334432 -0.005472383233197340712816725 -0.7099003029762031014016088 0.7037911307073875244455508
1685173130.598417997360229 -1.273254705029698730101018 -0.6964385921091148512473978 16.63471282229714276468258 0.03330937053003625580860358 -0.00376079193766371477555821 -0.700853591557649369114813 0.7125170756672625227423623
1685173129.524495363235474 -1.208055502588264884522573 -0.6692641581058216271316041 15.95126531084223309164827 0.03259666041966873678559224 -0.01463994327273783827014775 -0.7083338352801868964547793 0.7049725634296918341803462
1685173128.863731384277344 -1.192076961656935107924937 -0.6633602147224221257104659 15.54440365798738099556431 0.02638924846876751495461377 -0.009712942109195417048073118 -0.6999969913386515640851826 0.7135919555200349595480702
1685173128.622320413589478 -1.171271506326112321616506 -0.664680690913814098408352 15.38975178034436552820807 0.0298404830506990292882108 -0.00700876243831491906044473 -0.6984867472738007787569359 0.7149662318574946384686086
1685173128.326491117477417 -1.157061540572561719741884 -0.6490235463501626833604519 15.23590269517874240534638 0.02583178653315179595928441 -0.01403952610531932453097337 -0.7043679152454062064592222 0.7092259438971383334049392
1685173128.264414072036743 -1.146311780596503959728238 -0.640534444473434327882444 15.19854903619706654183119 0.02790310773852209408341096 -0.01502522637920769912889263 -0.7042400757472422334615203 0.7092542516106498107220091
1685173128.203546285629272 -1.137109621470285159006153 -0.6332276685653642767093174 15.15520477428624879223662 0.02944647075481638190397327 -0.01491680678399766139807792 -0.7068925811686646021314573 0.7065502677774708750746413
1685173128.142401456832886 -1.129316305949865206770255 -0.6368454895524319203659047 15.11175653830682996670021 0.03092732421920911523027797 -0.01386787419315803696062694 -0.7066619242000434786277197 0.7067390737169125802807912
1685173128.090522766113281 -1.12786043236503896736167 -0.6365343754815149246439887 15.07739292961121790881407 0.03222322769180639701058766 -0.01285959975133278698766759 -0.7082582546250759669703712 0.7051003901095427295331319
1685173128.028548717498779 -1.114598619120661160408758 -0.6339938967414673332001485 15.04281028419067212098525 0.03344718120672909855706223 -0.01366615683023575562871077 -0.7097536119202949578266271 0.7035228229357139984045943
1685173127.967503547668457 -1.108657375564263247724739 -0.6406614516053966701392142 15.00082083207435346139391 0.03441921633848346595563328 -0.01456525029336265195101241 -0.7106332208297008179442855 0.70256929321841887770006
1685173127.906472682952881 -1.098179957904409587143846 -0.6392743474464439579207919 14.97470417524735353254073 0.03691945821613044215192545 -0.0142091430805949235638419 -0.7086203155729465796852651 0.7044801744668338638888372
1685173127.853680849075317 -1.097819273385293836753362 -0.6392025905081148984265837 14.9366226669834833984396 0.03596409356264495399413406 -0.01566222549524597107417634 -0.7065618975259233547348003 0.7065632039685536547324318
1685173127.792946100234985 -1.095403124911840997413037 -0.6448985116756666968740319 14.91714634050850918356446 0.0353177401779282140736882 -0.01700615145137563191668484 -0.7047131024003981947245734 0.7084086998622305397788068
1685173127.48817777633667 -1.09263436152602144701973 -0.6493368394049710001780795 14.73046736711057391744362 0.03607097846705831917235585 -0.01923653805053351234510828 -0.703766489654673810250074 0.7092542376587390728914784
1685173125.215053558349609 -0.9208805168377998118245387 -0.5867600816771609828492728 13.33690407118173482103884 0.01754801141900651229033059 -0.002731048429194020844140711 -0.6948484435910602385888524 0.7189369008842148023319396
1685173124.622463703155518 -0.8673221072856525104555203 -0.5755480153258116793324461 12.96852520576118905637486 0.02701842995533042246503186 -0.007868142968896820257929114 -0.7077978509628802816777693 0.7058542986074415326314124
1685173124.499491214752197 -0.8603263624092889472194656 -0.5718085568706698929020149 12.91328414007598368584695 0.03080084258713741696134036 -0.008883655453947356117616607 -0.7074207347982112148443434 0.7060653634329403516289858
1685173124.141682386398315 -0.8636096578704841597584618 -0.5767434142640459615591908 12.72164389848368060143002 0.03342960744853226695560977 -0.006244337896307797057537936 -0.701392898153357147172926 0.7119631022314549806395689
1685173124.080382108688354 -0.8644501561464473793350294 -0.563856202665580119592903 12.69008581584069794701009 0.03121762847344324021126027 -0.008233786328808620838537458 -0.7020983713650632562774945 0.711347682938131997687492
1685173122.946660280227661 -0.8053503729656128484748479 -0.540895185734974082158999 12.04995321735107438598789 0.03149068782410807676441777 0.001832233703569056699339557 -0.7051752333529562877245667 0.7083310690025410583103849
1685173121.456456899642944 -0.7436744374362348475315798 -0.487953761658087847852272 11.2445006765222537126192 0.02921518880143972318741419 -0.03603841028636552146213745 -0.7087367029475403201743688 0.7039460311756861043974709
1685173119.061622619628906 -0.596392578170492182465523 -0.4331945464348487817574096 9.945705133084574711688219 0.03831292676459915197417772 -0.0361892885241218778547001 -0.7095489191328856470875053 0.7026825689466619229150979
1685173118.346008777618408 -0.533785641719015768735801 -0.4211896590441860932507723 9.562160932482303365986809 0.0443108362412827916365643 -0.02211011249736629172280011 -0.7070296813442128458504499 0.7054478863814728217818129
1685173117.212520122528076 -0.47097430317343930150642 -0.4134985289644290684663019 9.017691265505268560787044 0.03567086250592488988475637 -0.02251451829005604934885731 -0.7079337621549867121117927 0.7050180694993505303713732
1685173116.90787935256958 -0.467814635793356414783517 -0.3951395158207086089063864 8.845701467473107371120022 0.0253380094198367745994549 -0.01569077855699826939961383 -0.7076115238773799109850415 0.7059729017134791506649094
1685173115.714543104171753 -0.454370664825242243090031 -0.3800486484903422557124486 8.27595877607835817002524 0.0344893371261068767963387 -0.02038718354109187586020724 -0.7007537344271601575940167 0.7122773900201256891406842
1685173114.519388675689697 -0.4355781633435718003255488 -0.3531370171724319551032067 7.643080797012856919536716 0.01673841830119045595570704 0.006942747913262268741330097 -0.7066914688814339706723899 0.7072897475502235575817167
1685173113.739529848098755 -0.4335816263948233384439845 -0.350596967685324389929491 7.267074866073833128155002 0.01506444297436872886697401 0.007406625021875475403665412 -0.6960442104487231107512457 0.7178026725273672914440226
1685173111.540290832519531 -0.2838136159795247581705269 -0.3001621171784367159141027 6.324428736331394240721693 0.009609870737700580700657582 -0.0187736926490173691717267 -0.7011953798224274114758714 0.7126571635070784171972491
1685173110.632592439651489 -0.1988508529858225293285301 -0.2788895043250076977159324 5.932064019299017942898899 0.01397808379414907341276031 -0.02429731656147959134584013 -0.706782724540564899484707 0.7068751236715939967325539
1685173110.461094856262207 -0.1824793249346849943748339 -0.2787136695005542619263394 5.847587082441430439416763 0.01319557801608790825742545 -0.03207234206987183422477017 -0.7078451347807901417041876 0.7055157929898664415091503
1685173110.156429052352905 -0.1669181717082909299776361 -0.2799293189665844061586597 5.728081572997901993460346 0.01961676313670196805660773 -0.025954704462380875223948 -0.7094707469307846015027508 0.7039835211677010207154126
1685173109.378876209259033 -0.2216707937117353421907495 -0.2654876018112645175150988 5.403100351292311920303746 0.009468436238381361738647435 -0.0004579354953811705180276304 -0.7068106072401603157118188 0.7073393328611442543163434
1685173108.842081069946289 -0.236005461617893486092612 -0.2540241800467561983367659 5.170605338318406296593821 0.01599307211161722294678889 -0.004683278875284844523785299 -0.6982768356349561278406668 0.715633804272495566145551
1685173108.602949857711792 -0.2121568484532889709015535 -0.2399151092495104553581342 5.039756152516793541451534 0.001351329284718289815148129 -0.008449488670351964700322434 -0.699258211220888714620969 0.7148179748460231630602379
1685173108.368536472320557 -0.2015548155420032738760483 -0.2206353009775308959827811 4.917581864098708344101851 0.002276601291787764581864284 -0.01368497226385374104795645 -0.7038517251740565860984589 0.7102114474716912928542456
1685173107.764528512954712 -0.2064816093504588945251044 -0.2215734849847975362902019 4.608757432803153974987254 -0.001800858790822659327018895 -0.02329645197872425368967875 -0.6977918035827752607502816 0.715919446615769672348506
1685173107.704478025436401 -0.2167247799983842149185165 -0.1968716760623182293610256 4.573247643753385105469533 -0.001113212524058087215736434 -0.02489253457719175013918012 -0.7003744642625844285532821 0.7133405552821807660279774
1685173107.3507399559021 -0.2090548827972379120065938 -0.1937581083775419543702156 4.387245666922475528792802 0.004539439469273683427918975 -0.02010230009953662549948561 -0.7038218876400331724951798 0.7100774881179181541313028
1685173103.522655963897705 -0.09248932680521861071643031 -0.08335988226269204492968612 2.637181188333183712302343 0.001018896893634262546673996 -0.02060313708512460581512293 -0.7000028704290665038101338 0.7138420424727056623481758
1685173102.863629817962646 -0.04326748666549114219481709 -0.08187307023086595747507488 2.378217448358430630150906 0.004414411200418700761960444 -0.01723070956032936307256165 -0.6984548245113552100704624 0.7154330865404299188980985
1685173102.745583057403564 -0.02195281918036909307723192 -0.1041877039263965909476894 2.321104910688045475097852 0.000459805379614626117106696 -0.02576997171897018115704903 -0.7059681064572475017726561 0.7077744940311321286685597
1685173101.546906471252441 -0.06044278859262616765413156 -0.06596546248089894814992107 1.772317587597883603578452 -0.006228923308415769410917306 -0.02926809291627249440259639 -0.700100722869912206469678 0.713416824477448696661952
1685173101.432689905166626 -0.03995953253800386961724911 -0.06256502794299212411033295 1.719293969211607819858045 -0.007197033686166567391373494 -0.03237155471574036658122253 -0.7007940701878326850149392 0.7125924245027653869399842
1685173101.013827562332153 -0.05241209107203767536553585 -0.05531796822431424981436621 1.546401387889412948339896 -0.004433639806200218198839469 -0.0262847865380394160594868 -0.7013170599910916180874665 0.712350913875205771219612
1685173100.830776453018188 -0.02647090810374193303733392 -0.05321358150323686475591245 1.45891427883829671863225 -0.007636535671468607996970057 -0.0310237653923565864788614 -0.7015187383423453493236366 0.7119344593268123189133689
1685173100.777963638305664 -0.02444432440546132068170948 -0.04549839773069334208921433 1.432802431639974338750676 -0.008133053517056194198220354 -0.03238879877589770361900889 -0.7026494419356312803870424 0.7107521143587098855221029
1685173099.280615329742432 -0.05373711691251822908377278 -0.06319208470461545879004461 0.7862720546562375067978223 -0.007652205894362575783196334 -0.01340627435280008356022208 -0.7051761681126719194523389 0.7088640850031989737445315
1685173096.528373241424561 0.04638196953188089555197848 -0.01303641812687895105982161 -0.006632902248054984087333175 0.008232726917508611727547496 -0.008013306013559710200278019 -0.7042002473705938347947608 0.7099084677487397243567102
1685173096.467994451522827 0.04500011955440025301911078 -0.02952525014964484106894105 -0.01047857172683215078168306 0.007322312700536845637977468 -0.009339526985302699577107255 -0.7030551377241740507173517 0.7110363056560827788032952
1685173096.410238265991211 0.06522376376699672018144582 -0.0207054727711223629516013 -0.008054415869640407094065537 0.007707175611163226067179544 -0.01049932568157625929761156 -0.7017528050881431944674205 0.7123014601215195140682113
